	z[m]	p[mb]	tp[K]	q[g/kg]	u[m/s]	v[m/s]
0
	128
	1014.8
 25.0000	1010.5379	296.8512	 12.0446	  0.0000	  0.0000
 50.0000	1009.0479	296.8483	 12.0127	  0.0000	  0.0000
105.2632	1002.7139	296.8373	 11.8774	  0.0000	  0.0000
160.5263	996.4146	296.8516	 11.8335	  0.0000	  0.0000
226.3158	988.9476	296.8732	 11.7911	  0.0000	  0.0000
292.1052	981.5118	296.8961	 11.7420	  0.0000	  0.0000
368.4210	972.9529	296.9330	 11.6633	  0.0000	  0.0000
444.7367	964.4477	296.9962	 11.5364	  0.0000	  0.0000
531.5788	954.8170	297.1013	 11.3405	  0.0000	  0.0000
618.4209	945.2834	297.3043	 11.0015	  0.0000	  0.0000
715.7893	934.6710	297.5933	 10.5889	  0.0000	  0.0000
813.1577	924.1350	297.9446	 10.1438	  0.0000	  0.0000
921.0525	912.6130	298.3573	  9.7249	  0.0000	  0.0000
1028.9473	901.1494	298.7871	  9.3344	  0.0000	  0.0000
1147.3684	888.7733	299.2437	  8.9984	  0.0000	  0.0000
1265.7894	876.4770	299.7040	  8.6982	  0.0000	  0.0000
1394.7368	863.2749	300.2043	  8.4017	  0.0000	  0.0000
1523.6841	850.2644	300.7037	  8.1360	  0.0000	  0.0000
1663.1577	836.1917	301.2650	  7.8487	  0.0000	  0.0000
1802.6315	822.6003	301.8246	  7.5593	  0.0000	  0.0000
1952.6316	807.9863	302.4511	  7.2481	  0.0000	  0.0000
2102.6316	793.5598	303.0920	  6.9309	  0.0000	  0.0000
2263.1580	778.5525	303.7786	  6.5774	  0.0000	  0.0000
2423.6843	763.5451	304.4961	  6.2239	  0.0000	  0.0000
2594.7368	747.9391	305.2418	  5.8512	  0.0000	  0.0000
2765.7896	732.6823	305.9737	  5.4822	  0.0000	  0.0000
2947.3687	716.4867	306.7901	  5.0905	  0.0000	  0.0000
3128.9475	700.8481	307.5214	  4.7424	  0.0000	  0.0000
3321.0527	684.5436	308.2834	  4.3931	  0.0000	  0.0000
3513.1580	668.2932	309.0780	  4.0498	  0.0000	  0.0000
3715.7896	651.9294	309.7677	  3.7747	  0.0000	  0.0000
3918.4211	635.5656	310.5075	  3.4996	  0.0000	  0.0000
4131.5791	618.8702	311.2577	  3.2492	  0.0000	  0.0000
4344.7368	602.4963	312.0117	  3.0231	  0.0000	  0.0000
4568.4209	585.5742	312.8347	  2.7966	  0.0000	  0.0000
4792.1050	569.2429	313.6498	  2.5948	  0.0000	  0.0000
5026.3154	552.2397	314.5608	  2.3852	  0.0000	  0.0000
5260.5259	536.0001	315.4348	  2.1889	  0.0000	  0.0000
5505.2627	519.0492	316.4246	  1.9841	  0.0000	  0.0000
5750.0000	502.9429	317.3312	  1.7929	  0.0000	  0.0000
6000.0000	486.4904	318.3439	  1.5975	  0.0000	  0.0000
6250.0000	470.8807	319.2221	  1.4227	  0.0000	  0.0000
6500.0000	455.2711	320.1894	  1.2478	  0.0000	  0.0000
6750.0000	440.4648	320.9849	  1.0985	  0.0000	  0.0000
7000.0000	425.6585	321.8707	  0.9491	  0.0000	  0.0000
7250.0000	411.6177	322.5709	  0.8260	  0.0000	  0.0000
7500.0000	397.5769	323.3623	  0.7029	  0.0000	  0.0000
7750.0000	384.2666	323.9686	  0.6048	  0.0000	  0.0000
8000.0000	370.9563	324.6671	  0.5067	  0.0000	  0.0000
8250.0000	358.3426	325.1844	  0.4314	  0.0000	  0.0000
8500.0000	345.7288	325.7952	  0.3561	  0.0000	  0.0000
8750.0000	333.7778	326.2290	  0.3005	  0.0000	  0.0000
9000.0000	321.8268	326.7581	  0.2449	  0.0000	  0.0000
9250.0000	310.5069	327.1185	  0.2049	  0.0000	  0.0000
9500.0000	299.1870	327.5762	  0.2060	  0.0000	  0.0000
9750.0000	288.4705	327.8810	  0.1707	  0.0000	  0.0000
10000.0000	277.7541	328.2857	  0.1353	  0.0000	  0.0000
10250.0000	267.6168	328.5561	  0.1111	  0.0000	  0.0000
10500.0000	257.4795	328.9299	  0.0868	  0.0000	  0.0000
10750.0000	247.8991	329.1874	  0.0706	  0.0000	  0.0000
11000.0000	238.3187	329.5523	  0.0545	  0.0000	  0.0000
11250.0000	229.2751	329.8163	  0.0440	  0.0000	  0.0000
11500.0000	220.2316	330.1924	  0.0336	  0.0000	  0.0000
11750.0000	211.7072	330.4906	  0.0270	  0.0000	  0.0000
12000.0000	203.1828	330.9064	  0.0205	  0.0000	  0.0000
12250.0000	195.1635	331.3336	  0.0164	  0.0000	  0.0000
12500.0000	187.1443	331.8865	  0.0124	  0.0000	  0.0000
12750.0000	179.6212	332.6558	  0.0101	  0.0000	  0.0000
13000.0000	172.0981	333.5643	  0.0077	  0.0000	  0.0000
13250.0000	165.0664	334.9370	  0.0064	  0.0000	  0.0000
13500.0000	158.0347	336.4692	  0.0052	  0.0000	  0.0000
13750.0000	151.4909	338.5986	  0.0045	  0.0000	  0.0000
14000.0000	144.9471	340.9120	  0.0039	  0.0000	  0.0000
14250.0000	138.8850	343.7441	  0.0036	  0.0000	  0.0000
14500.0000	132.8228	346.7831	  0.0033	  0.0000	  0.0000
14750.0000	127.2293	350.1004	  0.0032	  0.0000	  0.0000
15000.0000	121.6357	353.6422	  0.0031	  0.0000	  0.0000
15250.0000	116.4883	357.2296	  0.0030	  0.0000	  0.0000
15500.0000	111.3408	361.0531	  0.0030	  0.0000	  0.0000
15750.0000	106.6103	364.8921	  0.0029	  0.0000	  0.0000
16000.0000	101.8798	368.9784	  0.0029	  0.0000	  0.0000
16250.0000	 97.5373	373.2836	  0.0028	  0.0000	  0.0000
16500.0000	 93.1948	377.8528	  0.0028	  0.0000	  0.0000
16750.0000	 89.2172	382.9523	  0.0026	  0.0000	  0.0000
17000.0000	 85.2396	388.3410	  0.0024	  0.0000	  0.0000
17250.0000	 81.6099	394.4770	  0.0021	  0.0000	  0.0000
17500.0000	 77.9801	400.9326	  0.0018	  0.0000	  0.0000
17750.0000	 74.6818	408.1131	  0.0015	  0.0000	  0.0000
18000.0000	 71.3835	415.6420	  0.0011	  0.0000	  0.0000
18250.0000	 68.3962	423.5901	  0.0008	  0.0000	  0.0000
18500.0000	 65.4090	431.9064	  0.0005	  0.0000	  0.0000
18750.0000	 62.7070	440.1707	  0.0004	  0.0000	  0.0000
19000.0000	 60.0050	448.8102	  0.0002	  0.0000	  0.0000
19250.0000	 57.5588	457.0566	  0.0002	  0.0000	  0.0000
19500.0000	 55.1126	465.6766	  0.0002	  0.0000	  0.0000
19750.0000	 52.8935	473.8247	  0.0002	  0.0000	  0.0000
20000.0000	 50.6743	482.3430	  0.0002	  0.0000	  0.0000
20250.0000	 48.6570	490.4830	  0.0002	  0.0000	  0.0000
20500.0000	 46.6396	498.9925	  0.0002	  0.0000	  0.0000
20750.0000	 44.8024	507.2235	  0.0002	  0.0000	  0.0000
21000.0000	 42.9652	515.8260	  0.0002	  0.0000	  0.0000
21250.0000	 41.2891	524.1600	  0.0001	  0.0000	  0.0000
21500.0000	 39.6129	532.8682	  0.0001	  0.0000	  0.0000
21750.0000	 38.0812	541.2744	  0.0001	  0.0000	  0.0000
22000.0000	 36.5495	550.0571	  0.0001	  0.0000	  0.0000
22250.0000	 35.1479	558.5460	  0.0000	  0.0000	  0.0000
22500.0000	 33.7463	567.4141	  0.0000	  0.0000	  0.0000
22750.0000	 32.4629	576.1953	  0.0000	  0.0000	  0.0000
23000.0000	 31.1795	585.3634	  0.0000	  0.0000	  0.0000
23250.0000	 30.0039	594.4311	  0.0000	  0.0000	  0.0000
23500.0000	 28.8283	603.8928	  0.0000	  0.0000	  0.0000
23750.0000	 27.7503	612.9801	  0.0000	  0.0000	  0.0000
24000.0000	 26.6724	622.4624	  0.0000	  0.0000	  0.0000
24250.0000	 25.6824	631.4419	  0.0000	  0.0000	  0.0000
24500.0000	 24.6925	640.8151	  0.0000	  0.0000	  0.0000
24750.0000	 23.7818	649.6857	  0.0000	  0.0000	  0.0000
25000.0000	 22.8711	658.9494	  0.0000	  0.0000	  0.0000
25250.0000	 22.0322	667.7727	  0.0000	  0.0000	  0.0000
25500.0000	 21.1934	676.9900	  0.0000	  0.0000	  0.0000
25750.0000	 20.4198	685.8212	  0.0000	  0.0000	  0.0000
26000.0000	 19.6463	695.0488	  0.0000	  0.0000	  0.0000
26250.0000	 18.9324	703.9225	  0.0000	  0.0000	  0.0000
26500.0000	 18.2185	713.1962	  0.0000	  0.0000	  0.0000
26750.0000	 17.5591	722.1266	  0.0000	  0.0000	  0.0000
27000.0000	 16.8998	731.4609	  0.0000	  0.0000	  0.0000
27250.0000	 16.2903	740.4509	  0.0000	  0.0000	  0.0000
27500.0000	 15.6809	749.8491	  0.0000	  0.0000	  0.0000
27750.0000	 15.1172	758.8952	  0.0000	  0.0000	  0.0000
1000
	128
	1014.8
 25.0000	1010.5379	296.8512	 12.0446	  0.0000	  0.0000
 50.0000	1009.0479	296.8483	 12.0127	  0.0000	  0.0000
105.2632	1002.7139	296.8373	 11.8774	  0.0000	  0.0000
160.5263	996.4146	296.8516	 11.8335	  0.0000	  0.0000
226.3158	988.9476	296.8732	 11.7911	  0.0000	  0.0000
292.1052	981.5118	296.8961	 11.7420	  0.0000	  0.0000
368.4210	972.9529	296.9330	 11.6633	  0.0000	  0.0000
444.7367	964.4477	296.9962	 11.5364	  0.0000	  0.0000
531.5788	954.8170	297.1013	 11.3405	  0.0000	  0.0000
618.4209	945.2834	297.3043	 11.0015	  0.0000	  0.0000
715.7893	934.6710	297.5933	 10.5889	  0.0000	  0.0000
813.1577	924.1350	297.9446	 10.1438	  0.0000	  0.0000
921.0525	912.6130	298.3573	  9.7249	  0.0000	  0.0000
1028.9473	901.1494	298.7871	  9.3344	  0.0000	  0.0000
1147.3684	888.7733	299.2437	  8.9984	  0.0000	  0.0000
1265.7894	876.4770	299.7040	  8.6982	  0.0000	  0.0000
1394.7368	863.2749	300.2043	  8.4017	  0.0000	  0.0000
1523.6841	850.2644	300.7037	  8.1360	  0.0000	  0.0000
1663.1577	836.1917	301.2650	  7.8487	  0.0000	  0.0000
1802.6315	822.6003	301.8246	  7.5593	  0.0000	  0.0000
1952.6316	807.9863	302.4511	  7.2481	  0.0000	  0.0000
2102.6316	793.5598	303.0920	  6.9309	  0.0000	  0.0000
2263.1580	778.5525	303.7786	  6.5774	  0.0000	  0.0000
2423.6843	763.5451	304.4961	  6.2239	  0.0000	  0.0000
2594.7368	747.9391	305.2418	  5.8512	  0.0000	  0.0000
2765.7896	732.6823	305.9737	  5.4822	  0.0000	  0.0000
2947.3687	716.4867	306.7901	  5.0905	  0.0000	  0.0000
3128.9475	700.8481	307.5214	  4.7424	  0.0000	  0.0000
3321.0527	684.5436	308.2834	  4.3931	  0.0000	  0.0000
3513.1580	668.2932	309.0780	  4.0498	  0.0000	  0.0000
3715.7896	651.9294	309.7677	  3.7747	  0.0000	  0.0000
3918.4211	635.5656	310.5075	  3.4996	  0.0000	  0.0000
4131.5791	618.8702	311.2577	  3.2492	  0.0000	  0.0000
4344.7368	602.4963	312.0117	  3.0231	  0.0000	  0.0000
4568.4209	585.5742	312.8347	  2.7966	  0.0000	  0.0000
4792.1050	569.2429	313.6498	  2.5948	  0.0000	  0.0000
5026.3154	552.2397	314.5608	  2.3852	  0.0000	  0.0000
5260.5259	536.0001	315.4348	  2.1889	  0.0000	  0.0000
5505.2627	519.0492	316.4246	  1.9841	  0.0000	  0.0000
5750.0000	502.9429	317.3312	  1.7929	  0.0000	  0.0000
6000.0000	486.4904	318.3439	  1.5975	  0.0000	  0.0000
6250.0000	470.8807	319.2221	  1.4227	  0.0000	  0.0000
6500.0000	455.2711	320.1894	  1.2478	  0.0000	  0.0000
6750.0000	440.4648	320.9849	  1.0985	  0.0000	  0.0000
7000.0000	425.6585	321.8707	  0.9491	  0.0000	  0.0000
7250.0000	411.6177	322.5709	  0.8260	  0.0000	  0.0000
7500.0000	397.5769	323.3623	  0.7029	  0.0000	  0.0000
7750.0000	384.2666	323.9686	  0.6048	  0.0000	  0.0000
8000.0000	370.9563	324.6671	  0.5067	  0.0000	  0.0000
8250.0000	358.3426	325.1844	  0.4314	  0.0000	  0.0000
8500.0000	345.7288	325.7952	  0.3561	  0.0000	  0.0000
8750.0000	333.7778	326.2290	  0.3005	  0.0000	  0.0000
9000.0000	321.8268	326.7581	  0.2449	  0.0000	  0.0000
9250.0000	310.5069	327.1185	  0.2049	  0.0000	  0.0000
9500.0000	299.1870	327.5762	  0.2060	  0.0000	  0.0000
9750.0000	288.4705	327.8810	  0.1707	  0.0000	  0.0000
10000.0000	277.7541	328.2857	  0.1353	  0.0000	  0.0000
10250.0000	267.6168	328.5561	  0.1111	  0.0000	  0.0000
10500.0000	257.4795	328.9299	  0.0868	  0.0000	  0.0000
10750.0000	247.8991	329.1874	  0.0706	  0.0000	  0.0000
11000.0000	238.3187	329.5523	  0.0545	  0.0000	  0.0000
11250.0000	229.2751	329.8163	  0.0440	  0.0000	  0.0000
11500.0000	220.2316	330.1924	  0.0336	  0.0000	  0.0000
11750.0000	211.7072	330.4906	  0.0270	  0.0000	  0.0000
12000.0000	203.1828	330.9064	  0.0205	  0.0000	  0.0000
12250.0000	195.1635	331.3336	  0.0164	  0.0000	  0.0000
12500.0000	187.1443	331.8865	  0.0124	  0.0000	  0.0000
12750.0000	179.6212	332.6558	  0.0101	  0.0000	  0.0000
13000.0000	172.0981	333.5643	  0.0077	  0.0000	  0.0000
13250.0000	165.0664	334.9370	  0.0064	  0.0000	  0.0000
13500.0000	158.0347	336.4692	  0.0052	  0.0000	  0.0000
13750.0000	151.4909	338.5986	  0.0045	  0.0000	  0.0000
14000.0000	144.9471	340.9120	  0.0039	  0.0000	  0.0000
14250.0000	138.8850	343.7441	  0.0036	  0.0000	  0.0000
14500.0000	132.8228	346.7831	  0.0033	  0.0000	  0.0000
14750.0000	127.2293	350.1004	  0.0032	  0.0000	  0.0000
15000.0000	121.6357	353.6422	  0.0031	  0.0000	  0.0000
15250.0000	116.4883	357.2296	  0.0030	  0.0000	  0.0000
15500.0000	111.3408	361.0531	  0.0030	  0.0000	  0.0000
15750.0000	106.6103	364.8921	  0.0029	  0.0000	  0.0000
16000.0000	101.8798	368.9784	  0.0029	  0.0000	  0.0000
16250.0000	 97.5373	373.2836	  0.0028	  0.0000	  0.0000
16500.0000	 93.1948	377.8528	  0.0028	  0.0000	  0.0000
16750.0000	 89.2172	382.9523	  0.0026	  0.0000	  0.0000
17000.0000	 85.2396	388.3410	  0.0024	  0.0000	  0.0000
17250.0000	 81.6099	394.4770	  0.0021	  0.0000	  0.0000
17500.0000	 77.9801	400.9326	  0.0018	  0.0000	  0.0000
17750.0000	 74.6818	408.1131	  0.0015	  0.0000	  0.0000
18000.0000	 71.3835	415.6420	  0.0011	  0.0000	  0.0000
18250.0000	 68.3962	423.5901	  0.0008	  0.0000	  0.0000
18500.0000	 65.4090	431.9064	  0.0005	  0.0000	  0.0000
18750.0000	 62.7070	440.1707	  0.0004	  0.0000	  0.0000
19000.0000	 60.0050	448.8102	  0.0002	  0.0000	  0.0000
19250.0000	 57.5588	457.0566	  0.0002	  0.0000	  0.0000
19500.0000	 55.1126	465.6766	  0.0002	  0.0000	  0.0000
19750.0000	 52.8935	473.8247	  0.0002	  0.0000	  0.0000
20000.0000	 50.6743	482.3430	  0.0002	  0.0000	  0.0000
20250.0000	 48.6570	490.4830	  0.0002	  0.0000	  0.0000
20500.0000	 46.6396	498.9925	  0.0002	  0.0000	  0.0000
20750.0000	 44.8024	507.2235	  0.0002	  0.0000	  0.0000
21000.0000	 42.9652	515.8260	  0.0002	  0.0000	  0.0000
21250.0000	 41.2891	524.1600	  0.0001	  0.0000	  0.0000
21500.0000	 39.6129	532.8682	  0.0001	  0.0000	  0.0000
21750.0000	 38.0812	541.2744	  0.0001	  0.0000	  0.0000
22000.0000	 36.5495	550.0571	  0.0001	  0.0000	  0.0000
22250.0000	 35.1479	558.5460	  0.0000	  0.0000	  0.0000
22500.0000	 33.7463	567.4141	  0.0000	  0.0000	  0.0000
22750.0000	 32.4629	576.1953	  0.0000	  0.0000	  0.0000
23000.0000	 31.1795	585.3634	  0.0000	  0.0000	  0.0000
23250.0000	 30.0039	594.4311	  0.0000	  0.0000	  0.0000
23500.0000	 28.8283	603.8928	  0.0000	  0.0000	  0.0000
23750.0000	 27.7503	612.9801	  0.0000	  0.0000	  0.0000
24000.0000	 26.6724	622.4624	  0.0000	  0.0000	  0.0000
24250.0000	 25.6824	631.4419	  0.0000	  0.0000	  0.0000
24500.0000	 24.6925	640.8151	  0.0000	  0.0000	  0.0000
24750.0000	 23.7818	649.6857	  0.0000	  0.0000	  0.0000
25000.0000	 22.8711	658.9494	  0.0000	  0.0000	  0.0000
25250.0000	 22.0322	667.7727	  0.0000	  0.0000	  0.0000
25500.0000	 21.1934	676.9900	  0.0000	  0.0000	  0.0000
25750.0000	 20.4198	685.8212	  0.0000	  0.0000	  0.0000
26000.0000	 19.6463	695.0488	  0.0000	  0.0000	  0.0000
26250.0000	 18.9324	703.9225	  0.0000	  0.0000	  0.0000
26500.0000	 18.2185	713.1962	  0.0000	  0.0000	  0.0000
26750.0000	 17.5591	722.1266	  0.0000	  0.0000	  0.0000
27000.0000	 16.8998	731.4609	  0.0000	  0.0000	  0.0000
27250.0000	 16.2903	740.4509	  0.0000	  0.0000	  0.0000
27500.0000	 15.6809	749.8491	  0.0000	  0.0000	  0.0000
27750.0000	 15.1172	758.8952	  0.0000	  0.0000	  0.0000
