	z[m]	p[mb]	tp[K]	q[g/kg]	u[m/s]	v[m/s]
0
	128
	1014.8
 25.0000	1004.1739	300.3067	 18.1687	  0.0000	  0.0000
 50.0000	1001.3538	300.2834	 18.0994	  0.0000	  0.0000
105.2632	995.1400	300.4268	 17.8998	  0.0000	  0.0000
160.5263	988.9565	300.5619	 17.7084	  0.0000	  0.0000
226.3158	981.6339	300.7380	 17.4807	  0.0000	  0.0000
292.1052	974.3532	300.9025	 17.2505	  0.0000	  0.0000
368.4210	965.9594	301.0723	 16.9656	  0.0000	  0.0000
444.7367	957.6204	301.2345	 16.6807	  0.0000	  0.0000
531.5788	948.1980	301.4462	 16.3225	  0.0000	  0.0000
618.4209	938.8469	301.7064	 15.8649	  0.0000	  0.0000
715.7893	928.4476	302.0090	 15.3517	  0.0000	  0.0000
813.1577	918.1390	302.3722	 14.8367	  0.0000	  0.0000
921.0525	906.8229	302.8077	 14.2654	  0.0000	  0.0000
1028.9473	895.6195	303.2697	 13.7444	  0.0000	  0.0000
1147.3684	883.4537	303.8154	 13.2316	  0.0000	  0.0000
1265.7894	871.4247	304.3770	 12.7678	  0.0000	  0.0000
1394.7368	858.4821	305.0218	 12.3430	  0.0000	  0.0000
1523.6841	845.7014	305.6764	 11.9418	  0.0000	  0.0000
1663.1577	832.0582	306.4041	 11.5394	  0.0000	  0.0000
1802.6315	818.6018	307.1414	 11.1605	  0.0000	  0.0000
1952.6316	804.3365	307.9463	 10.7704	  0.0000	  0.0000
2102.6316	790.2828	308.7575	 10.3272	  0.0000	  0.0000
2263.1580	775.4741	309.6297	  9.8401	  0.0000	  0.0000
2423.6843	760.9009	310.4902	  9.3601	  0.0000	  0.0000
2594.7368	745.6270	311.3817	  8.8832	  0.0000	  0.0000
2765.7896	730.6108	312.2300	  8.4559	  0.0000	  0.0000
2947.3687	714.9471	313.1016	  8.0150	  0.0000	  0.0000
3128.9475	699.5629	313.9558	  7.5919	  0.0000	  0.0000
3321.0527	683.5858	314.8378	  7.2196	  0.0000	  0.0000
3513.1580	667.9112	315.7128	  6.8804	  0.0000	  0.0000
3715.7896	651.7002	316.6357	  6.5490	  0.0000	  0.0000
3918.4211	635.8151	317.5530	  6.2833	  0.0000	  0.0000
4131.5791	619.4513	318.5362	  6.0102	  0.0000	  0.0000
4344.7368	603.4374	319.5359	  5.7439	  0.0000	  0.0000
4568.4209	587.0043	320.6558	  5.4330	  0.0000	  0.0000
4792.1050	570.9470	321.8265	  5.0936	  0.0000	  0.0000
5026.3154	554.5318	323.1308	  4.6964	  0.0000	  0.0000
5260.5259	538.5160	324.4125	  4.2422	  0.0000	  0.0000
5505.2627	522.1965	325.7301	  3.7763	  0.0000	  0.0000
5750.0000	506.2920	326.9997	  3.3528	  0.0000	  0.0000
6000.0000	490.4627	328.2552	  2.9878	  0.0000	  0.0000
6250.0000	475.0450	329.4846	  2.6529	  0.0000	  0.0000
6500.0000	460.0277	330.6477	  2.3574	  0.0000	  0.0000
6750.0000	445.4009	331.7988	  2.1004	  0.0000	  0.0000
7000.0000	431.1559	332.9362	  1.8885	  0.0000	  0.0000
7250.0000	417.2838	334.0597	  1.7183	  0.0000	  0.0000
7500.0000	403.7756	335.1767	  1.5657	  0.0000	  0.0000
7750.0000	390.6235	336.2391	  1.4308	  0.0000	  0.0000
8000.0000	377.8204	337.2899	  1.2987	  0.0000	  0.0000
8250.0000	365.3570	338.2513	  1.1615	  0.0000	  0.0000
8500.0000	353.2235	339.2031	  1.0239	  0.0000	  0.0000
8750.0000	341.4113	340.0802	  0.9041	  0.0000	  0.0000
9000.0000	329.9124	340.9458	  0.7868	  0.0000	  0.0000
9250.0000	318.7189	341.7498	  0.6862	  0.0000	  0.0000
9500.0000	307.8235	342.5292	  0.5922	  0.0000	  0.0000
9750.0000	297.2194	343.2606	  0.5059	  0.0000	  0.0000
10000.0000	286.8989	343.9247	  0.4301	  0.0000	  0.0000
10250.0000	276.8558	344.5896	  0.3544	  0.0000	  0.0000
10500.0000	267.0829	345.1408	  0.3019	  0.0000	  0.0000
10750.0000	257.5737	345.6892	  0.2502	  0.0000	  0.0000
11000.0000	248.3226	346.2041	  0.2050	  0.0000	  0.0000
11250.0000	239.3235	346.6491	  0.1721	  0.0000	  0.0000
11500.0000	230.5706	347.0965	  0.1392	  0.0000	  0.0000
11750.0000	222.0590	347.5160	  0.1131	  0.0000	  0.0000
12000.0000	213.7835	347.9058	  0.0935	  0.0000	  0.0000
12250.0000	205.7391	348.3031	  0.0740	  0.0000	  0.0000
12500.0000	197.9218	348.7128	  0.0585	  0.0000	  0.0000
12750.0000	190.3274	349.1286	  0.0483	  0.0000	  0.0000
13000.0000	182.9521	349.5483	  0.0381	  0.0000	  0.0000
13250.0000	175.7922	349.9791	  0.0283	  0.0000	  0.0000
13500.0000	168.8447	350.5133	  0.0235	  0.0000	  0.0000
13750.0000	162.1056	351.0496	  0.0188	  0.0000	  0.0000
14000.0000	155.5706	351.5937	  0.0141	  0.0000	  0.0000
14250.0000	149.2372	352.2973	  0.0102	  0.0000	  0.0000
14500.0000	143.1055	353.3903	  0.0084	  0.0000	  0.0000
14750.0000	137.1740	354.4878	  0.0067	  0.0000	  0.0000
15000.0000	131.4377	355.5862	  0.0049	  0.0000	  0.0000
15250.0000	125.8919	356.6926	  0.0032	  0.0000	  0.0000
15500.0000	120.5418	359.1875	  0.0028	  0.0000	  0.0000
15750.0000	115.3916	361.6922	  0.0025	  0.0000	  0.0000
16000.0000	110.4344	364.1990	  0.0021	  0.0000	  0.0000
16250.0000	105.6637	366.7056	  0.0018	  0.0000	  0.0000
16500.0000	101.0731	369.2264	  0.0014	  0.0000	  0.0000
16750.0000	 96.6774	375.3509	  0.0018	  0.0000	  0.0000
17000.0000	 92.4894	381.7573	  0.0022	  0.0000	  0.0000
17250.0000	 88.4990	388.1663	  0.0026	  0.0000	  0.0000
17500.0000	 84.6955	394.5766	  0.0031	  0.0000	  0.0000
17750.0000	 81.0687	400.9874	  0.0035	  0.0000	  0.0000
18000.0000	 77.6091	407.4018	  0.0039	  0.0000	  0.0000
18250.0000	 74.3097	414.3091	  0.0041	  0.0000	  0.0000
18500.0000	 71.1664	421.9206	  0.0041	  0.0000	  0.0000
18750.0000	 68.1729	429.5337	  0.0041	  0.0000	  0.0000
19000.0000	 65.3206	437.1457	  0.0041	  0.0000	  0.0000
19250.0000	 62.6017	444.7588	  0.0041	  0.0000	  0.0000
19500.0000	 60.0086	452.3721	  0.0041	  0.0000	  0.0000
19750.0000	 57.5346	459.9841	  0.0041	  0.0000	  0.0000
20000.0000	 55.1731	467.5953	  0.0041	  0.0000	  0.0000
20250.0000	 52.9183	475.2906	  0.0041	  0.0000	  0.0000
20500.0000	 50.7651	483.1640	  0.0041	  0.0000	  0.0000
20750.0000	 48.7085	491.0378	  0.0041	  0.0000	  0.0000
21000.0000	 46.7434	498.9104	  0.0041	  0.0000	  0.0000
21250.0000	 44.8651	506.7818	  0.0041	  0.0000	  0.0000
21500.0000	 43.0690	514.6543	  0.0041	  0.0000	  0.0000
21750.0000	 41.3509	522.5298	  0.0041	  0.0000	  0.0000
22000.0000	 39.7070	530.4050	  0.0041	  0.0000	  0.0000
22250.0000	 38.1335	538.2953	  0.0041	  0.0000	  0.0000
22500.0000	 36.6272	546.3530	  0.0041	  0.0000	  0.0000
22750.0000	 35.1851	554.4119	  0.0041	  0.0000	  0.0000
23000.0000	 33.8038	562.4741	  0.0041	  0.0000	  0.0000
23250.0000	 32.4806	570.5367	  0.0041	  0.0000	  0.0000
23500.0000	 31.2126	578.5992	  0.0041	  0.0000	  0.0000
23750.0000	 29.9972	586.6619	  0.0041	  0.0000	  0.0000
24000.0000	 28.8318	594.7253	  0.0041	  0.0000	  0.0000
24250.0000	 27.7142	602.7941	  0.0041	  0.0000	  0.0000
24500.0000	 26.6426	611.3666	  0.0041	  0.0000	  0.0000
24750.0000	 25.6154	620.2277	  0.0041	  0.0000	  0.0000
25000.0000	 24.6309	629.0906	  0.0041	  0.0000	  0.0000
25250.0000	 23.6868	637.9540	  0.0041	  0.0000	  0.0000
25500.0000	 22.7814	646.8181	  0.0041	  0.0000	  0.0000
25750.0000	 21.9128	655.6831	  0.0041	  0.0000	  0.0000
26000.0000	 21.0793	664.5486	  0.0041	  0.0000	  0.0000
26250.0000	 20.2792	673.4155	  0.0041	  0.0000	  0.0000
26500.0000	 19.5112	682.2888	  0.0041	  0.0000	  0.0000
26750.0000	 18.7741	692.0366	  0.0041	  0.0000	  0.0000
27000.0000	 18.0671	701.7887	  0.0041	  0.0000	  0.0000
27250.0000	 17.3886	711.5414	  0.0041	  0.0000	  0.0000
27500.0000	 16.7374	721.2949	  0.0041	  0.0000	  0.0000
27750.0000	 16.1122	731.1548	  0.0041	  0.0000	  0.0000
1000
	128
	1014.8
 25.0000	1004.1739	300.3067	 18.1687	  0.0000	  0.0000
 50.0000	1001.3538	300.2834	 18.0994	  0.0000	  0.0000
105.2632	995.1400	300.4268	 17.8998	  0.0000	  0.0000
160.5263	988.9565	300.5619	 17.7084	  0.0000	  0.0000
226.3158	981.6339	300.7380	 17.4807	  0.0000	  0.0000
292.1052	974.3532	300.9025	 17.2505	  0.0000	  0.0000
368.4210	965.9594	301.0723	 16.9656	  0.0000	  0.0000
444.7367	957.6204	301.2345	 16.6807	  0.0000	  0.0000
531.5788	948.1980	301.4462	 16.3225	  0.0000	  0.0000
618.4209	938.8469	301.7064	 15.8649	  0.0000	  0.0000
715.7893	928.4476	302.0090	 15.3517	  0.0000	  0.0000
813.1577	918.1390	302.3722	 14.8367	  0.0000	  0.0000
921.0525	906.8229	302.8077	 14.2654	  0.0000	  0.0000
1028.9473	895.6195	303.2697	 13.7444	  0.0000	  0.0000
1147.3684	883.4537	303.8154	 13.2316	  0.0000	  0.0000
1265.7894	871.4247	304.3770	 12.7678	  0.0000	  0.0000
1394.7368	858.4821	305.0218	 12.3430	  0.0000	  0.0000
1523.6841	845.7014	305.6764	 11.9418	  0.0000	  0.0000
1663.1577	832.0582	306.4041	 11.5394	  0.0000	  0.0000
1802.6315	818.6018	307.1414	 11.1605	  0.0000	  0.0000
1952.6316	804.3365	307.9463	 10.7704	  0.0000	  0.0000
2102.6316	790.2828	308.7575	 10.3272	  0.0000	  0.0000
2263.1580	775.4741	309.6297	  9.8401	  0.0000	  0.0000
2423.6843	760.9009	310.4902	  9.3601	  0.0000	  0.0000
2594.7368	745.6270	311.3817	  8.8832	  0.0000	  0.0000
2765.7896	730.6108	312.2300	  8.4559	  0.0000	  0.0000
2947.3687	714.9471	313.1016	  8.0150	  0.0000	  0.0000
3128.9475	699.5629	313.9558	  7.5919	  0.0000	  0.0000
3321.0527	683.5858	314.8378	  7.2196	  0.0000	  0.0000
3513.1580	667.9112	315.7128	  6.8804	  0.0000	  0.0000
3715.7896	651.7002	316.6357	  6.5490	  0.0000	  0.0000
3918.4211	635.8151	317.5530	  6.2833	  0.0000	  0.0000
4131.5791	619.4513	318.5362	  6.0102	  0.0000	  0.0000
4344.7368	603.4374	319.5359	  5.7439	  0.0000	  0.0000
4568.4209	587.0043	320.6558	  5.4330	  0.0000	  0.0000
4792.1050	570.9470	321.8265	  5.0936	  0.0000	  0.0000
5026.3154	554.5318	323.1308	  4.6964	  0.0000	  0.0000
5260.5259	538.5160	324.4125	  4.2422	  0.0000	  0.0000
5505.2627	522.1965	325.7301	  3.7763	  0.0000	  0.0000
5750.0000	506.2920	326.9997	  3.3528	  0.0000	  0.0000
6000.0000	490.4627	328.2552	  2.9878	  0.0000	  0.0000
6250.0000	475.0450	329.4846	  2.6529	  0.0000	  0.0000
6500.0000	460.0277	330.6477	  2.3574	  0.0000	  0.0000
6750.0000	445.4009	331.7988	  2.1004	  0.0000	  0.0000
7000.0000	431.1559	332.9362	  1.8885	  0.0000	  0.0000
7250.0000	417.2838	334.0597	  1.7183	  0.0000	  0.0000
7500.0000	403.7756	335.1767	  1.5657	  0.0000	  0.0000
7750.0000	390.6235	336.2391	  1.4308	  0.0000	  0.0000
8000.0000	377.8204	337.2899	  1.2987	  0.0000	  0.0000
8250.0000	365.3570	338.2513	  1.1615	  0.0000	  0.0000
8500.0000	353.2235	339.2031	  1.0239	  0.0000	  0.0000
8750.0000	341.4113	340.0802	  0.9041	  0.0000	  0.0000
9000.0000	329.9124	340.9458	  0.7868	  0.0000	  0.0000
9250.0000	318.7189	341.7498	  0.6862	  0.0000	  0.0000
9500.0000	307.8235	342.5292	  0.5922	  0.0000	  0.0000
9750.0000	297.2194	343.2606	  0.5059	  0.0000	  0.0000
10000.0000	286.8989	343.9247	  0.4301	  0.0000	  0.0000
10250.0000	276.8558	344.5896	  0.3544	  0.0000	  0.0000
10500.0000	267.0829	345.1408	  0.3019	  0.0000	  0.0000
10750.0000	257.5737	345.6892	  0.2502	  0.0000	  0.0000
11000.0000	248.3226	346.2041	  0.2050	  0.0000	  0.0000
11250.0000	239.3235	346.6491	  0.1721	  0.0000	  0.0000
11500.0000	230.5706	347.0965	  0.1392	  0.0000	  0.0000
11750.0000	222.0590	347.5160	  0.1131	  0.0000	  0.0000
12000.0000	213.7835	347.9058	  0.0935	  0.0000	  0.0000
12250.0000	205.7391	348.3031	  0.0740	  0.0000	  0.0000
12500.0000	197.9218	348.7128	  0.0585	  0.0000	  0.0000
12750.0000	190.3274	349.1286	  0.0483	  0.0000	  0.0000
13000.0000	182.9521	349.5483	  0.0381	  0.0000	  0.0000
13250.0000	175.7922	349.9791	  0.0283	  0.0000	  0.0000
13500.0000	168.8447	350.5133	  0.0235	  0.0000	  0.0000
13750.0000	162.1056	351.0496	  0.0188	  0.0000	  0.0000
14000.0000	155.5706	351.5937	  0.0141	  0.0000	  0.0000
14250.0000	149.2372	352.2973	  0.0102	  0.0000	  0.0000
14500.0000	143.1055	353.3903	  0.0084	  0.0000	  0.0000
14750.0000	137.1740	354.4878	  0.0067	  0.0000	  0.0000
15000.0000	131.4377	355.5862	  0.0049	  0.0000	  0.0000
15250.0000	125.8919	356.6926	  0.0032	  0.0000	  0.0000
15500.0000	120.5418	359.1875	  0.0028	  0.0000	  0.0000
15750.0000	115.3916	361.6922	  0.0025	  0.0000	  0.0000
16000.0000	110.4344	364.1990	  0.0021	  0.0000	  0.0000
16250.0000	105.6637	366.7056	  0.0018	  0.0000	  0.0000
16500.0000	101.0731	369.2264	  0.0014	  0.0000	  0.0000
16750.0000	 96.6774	375.3509	  0.0018	  0.0000	  0.0000
17000.0000	 92.4894	381.7573	  0.0022	  0.0000	  0.0000
17250.0000	 88.4990	388.1663	  0.0026	  0.0000	  0.0000
17500.0000	 84.6955	394.5766	  0.0031	  0.0000	  0.0000
17750.0000	 81.0687	400.9874	  0.0035	  0.0000	  0.0000
18000.0000	 77.6091	407.4018	  0.0039	  0.0000	  0.0000
18250.0000	 74.3097	414.3091	  0.0041	  0.0000	  0.0000
18500.0000	 71.1664	421.9206	  0.0041	  0.0000	  0.0000
18750.0000	 68.1729	429.5337	  0.0041	  0.0000	  0.0000
19000.0000	 65.3206	437.1457	  0.0041	  0.0000	  0.0000
19250.0000	 62.6017	444.7588	  0.0041	  0.0000	  0.0000
19500.0000	 60.0086	452.3721	  0.0041	  0.0000	  0.0000
19750.0000	 57.5346	459.9841	  0.0041	  0.0000	  0.0000
20000.0000	 55.1731	467.5953	  0.0041	  0.0000	  0.0000
20250.0000	 52.9183	475.2906	  0.0041	  0.0000	  0.0000
20500.0000	 50.7651	483.1640	  0.0041	  0.0000	  0.0000
20750.0000	 48.7085	491.0378	  0.0041	  0.0000	  0.0000
21000.0000	 46.7434	498.9104	  0.0041	  0.0000	  0.0000
21250.0000	 44.8651	506.7818	  0.0041	  0.0000	  0.0000
21500.0000	 43.0690	514.6543	  0.0041	  0.0000	  0.0000
21750.0000	 41.3509	522.5298	  0.0041	  0.0000	  0.0000
22000.0000	 39.7070	530.4050	  0.0041	  0.0000	  0.0000
22250.0000	 38.1335	538.2953	  0.0041	  0.0000	  0.0000
22500.0000	 36.6272	546.3530	  0.0041	  0.0000	  0.0000
22750.0000	 35.1851	554.4119	  0.0041	  0.0000	  0.0000
23000.0000	 33.8038	562.4741	  0.0041	  0.0000	  0.0000
23250.0000	 32.4806	570.5367	  0.0041	  0.0000	  0.0000
23500.0000	 31.2126	578.5992	  0.0041	  0.0000	  0.0000
23750.0000	 29.9972	586.6619	  0.0041	  0.0000	  0.0000
24000.0000	 28.8318	594.7253	  0.0041	  0.0000	  0.0000
24250.0000	 27.7142	602.7941	  0.0041	  0.0000	  0.0000
24500.0000	 26.6426	611.3666	  0.0041	  0.0000	  0.0000
24750.0000	 25.6154	620.2277	  0.0041	  0.0000	  0.0000
25000.0000	 24.6309	629.0906	  0.0041	  0.0000	  0.0000
25250.0000	 23.6868	637.9540	  0.0041	  0.0000	  0.0000
25500.0000	 22.7814	646.8181	  0.0041	  0.0000	  0.0000
25750.0000	 21.9128	655.6831	  0.0041	  0.0000	  0.0000
26000.0000	 21.0793	664.5486	  0.0041	  0.0000	  0.0000
26250.0000	 20.2792	673.4155	  0.0041	  0.0000	  0.0000
26500.0000	 19.5112	682.2888	  0.0041	  0.0000	  0.0000
26750.0000	 18.7741	692.0366	  0.0041	  0.0000	  0.0000
27000.0000	 18.0671	701.7887	  0.0041	  0.0000	  0.0000
27250.0000	 17.3886	711.5414	  0.0041	  0.0000	  0.0000
27500.0000	 16.7374	721.2949	  0.0041	  0.0000	  0.0000
27750.0000	 16.1122	731.1548	  0.0041	  0.0000	  0.0000
